kinematics:
  shoulder:
    x: 0
    y: 0
    z: 0.08926933939231121
    roll: -0
    pitch: 0
    yaw: 3.856175937912575e-05
  upper_arm:
    x: 0.0001566768724452473
    y: 0
    z: 0
    roll: 1.569611871766696
    pitch: 0
    yaw: -5.10619414336075e-05
  forearm:
    x: -0.426226587158381
    y: 0
    z: 0
    roll: 3.139490407193443
    pitch: 3.13461674567213
    yaw: 3.141570941598417
  wrist_1:
    x: -0.3924897097388728
    y: 0.0001041575809894085
    z: 0.1122601195686668
    roll: 3.14066483032093
    pitch: -3.14076590241284
    yaw: -3.141544734197273
  wrist_2:
    x: 0.0001231870105849951
    y: -0.09486897071970772
    z: -2.766381865058261e-06
    roll: 1.570825486823126
    pitch: 0
    yaw: 8.420279151801789e-05
  wrist_3:
    x: -8.696175038039254e-05
    y: 0.08250613246563102
    z: 1.058845274108273e-05
    roll: 1.570924662136362
    pitch: 3.141592653589793
    yaw: -3.141526950548997
  hash: calib_14987556752461869765